[27551]
[32864]
[41777]
[50755]
[62121]
[102380]
[114932]
[123709]
[126218]
[131182]
[135598]
[168917]
[176392]
[176393]
[191749]
[213326]
[218704]
[242146]
[255998]
[259314]
[282886]
[293542]
[295517]
[296499]
[303660]
[313513]
[336369]
[359563]
[402568]
[403847]
[423585]
[423705]
[425934]
[440556]
[473469]
[487395]
[525110]
[549481]
[564541]
[581014]
[596051]
[598988]
[612115]
[652362]
[674561]
[691925]
[698785]
[706925]
[712559]
[732302]
[756652]
[759393]
[770365]
[847915]
[876330]
[900787]
[904185]
[904186, 4417408, 20368764, 22110648, 30811117, 31480216, 31533705, 41329459, 66200211, 67489920, 67922703, 70875956, 94973029]
[917796]
[923596]
[967928]
[980973]
[983995]
[984114]
[1005587]
[1036974]
[1045143]
[1050684]
[1073952]
[1082946]
[1102515]
[1127737]
[1149109]
[1184620]
[1200843]
[1224927]
[1248895]
[1249315]
[1264319]
[1281505]
[1287123]
[1315120]
[1347977]
[1353770]
[1357146]
[1362589]
[1371589]
[1409474]
[1412158]
[1434352]
[1435851]
[1474910]
[1475311]
[1498130]
[1525329]
[1533292]
[1539051]
[1546123, 1546124]
[1557341]
[1557499]
[1571945]
[1596508]
[1639384]
[1641882]
[1644289]
[1662004]
[1669772]
[1689516]
[1710476]
[1761063]
[1764972]
[1781310]
[1784619]
[1801154]
[1802450]
[1804528]
[1828513]
[1834107]
[1834753]
[1845204]
[1855932]
[1896112]
[1918087]
[1929294]
[1945387]
[1953925]
[1965724]
[1969506]
[1992816]
[1995985]
[2009101]
[2047519]
[2061963]
[2067935]
[2084239]
[2088870]
[2091298]
[2111707]
[2118022]
[2122975]
[2130625]
[2134346]
[2137678]
[2148918]
[2158562]
[2191144]
[2196767]
[2203790]
[2204140]
[2250266]
[2295440]
[2311603]
[2314238]
[2316186]
[2322421]
[2326738]
[2333365]
[2356994]
[2362787]
[2370081]
[2371506]
[2377034]
[2403771]
[2407147]
[2407234]
[2420921]
[2460565]
[2461031]
[2468169]
[2483611]
[2504891]
[2511717]
[2521011]
[2525268]
[2561846]
[2584136]
[2619149]
[2671330]
[2694423]
[2732323]
[2766877]
[2772236]
[2779999]
[2792265]
[2830619]
[2833249]
[2843014]
[2851070]
[2863439]
[2903036]
[2906250]
[2924048]
[2926176]
[2956282]
[2957055]
[2964201]
[2971090]
[2978414]
[2980764]
[2986553]
[3019642]
[3027001]
[3030892]
[3055837]
[3056267]
[3070049]
[3072077]
[3072808]
[3078576]
[3113836]
[3129635]
[3134241]
[3136426]
[3146695]
[3149764]
[3167573]
[3170832]
[3204467]
[3244563]
[3280747]
[3283679]
[3300267]
[3366982]
[3370104]
[3381441]
[3429238]
[3431737]
[3492538]
[3493058]
[3493978]
[3510565]
[3534077]
[3536537]
[3549275]
[3573512]
[3603242]
[3606209]
[3606728]
[3627449]
[3642509]
[3643300]
[3648368]
[3657444]
[3659803]
[3682106]
[3701074]
[3732747]
[3773196]
[3784434]
[3790062]
[3797883]
[3810071]
[3814632]
[3819470]
[3825890]
[3846170]
[3868277]
[3891471]
[3897065]
[3900605]
[3918345]
[3954901]
[3972721]
[3985011]
[3989465]
[4022819]
[4031928]
[4035199]
[4041838]
[4042268]
[4058065]
[4064256]
[4068622]
[4081094]
[4081825]
[4130270]
[4141820]
[4149689]
[4162088]
[4168871]
[4178474]
[4179255]
[4179849]
[4192696]
[4206964]
[4215636]
[4230620]
[4252828]
[4253484]
[4259068]
[4266839]
[4290468]
[4334811]
[4335427]
[4335645]
[4357063]
[4376658]
[4392470]
[4404099]
[4417407]
[4423206]
[4440873]
[4446672]
[4466015]
[4483989]
[4542651]
[4545683]
[4545854]
[4549095]
[4587638]
[4611269]
[4614116]
[4638410]
[4694209]
[4722253]
[4732017]
[4756629]
[4779091]
[4796100]
[4849037]
[4857085]
[4861205]
[4869446]
[4896788]
[4904812]
[4906301]
[4920010]
[4923662]
[4929256]
[4931562]
[4941482]
[5014629]
[5037726]
[5052212]
[5053103]
[5126490]
[5128859]
[5183693]
[5186893]
[5220687]
[5237827]
[5244497]
[5257687]
[5265750]
[5284653]
[5285665]
[5288597]
[5291803]
[5309481]
[5318639]
[5325424]
[5338223]
[5361647]
[5368615]
[5371656]
[5373478]
[5388481]
[5405694]
[5434080]
[5438492]
[5464695]
[5479217]
[5494820]
[5498296]
[5519829]
[5554990]
[5556499]
[5556668]
[5562461]
[5577649]
[5592689]
[5600127]
[5606466]
[5609226]
[5616412]
[5628232]
[5640330]
[5645210]
[5703682]
[5728014]
[5758500]
[5763020]
[5780210]
[5817857]
[5818294]
[5818798]
[5851097]
[5861892]
[5901497]
[5914184]
[5915629]
[5973663]
[5975022]
[5990062]
[5998840]
[6007213]
[6021033]
[6061630]
[6103114]
[6103294]
[6104968]
[6112401]
[6133894]
[6137095]
[6142213]
[6148016]
[6150044]
[6178850]
[6214884]
[6256844]
[6260554]
[6276588]
[6285791]
[6297941]
[6320631]
[6330307]
[6337436]
[6343408]
[6353603]
[6367785]
[6368038, 6368039]
[6390406]
[6400512]
[6430659]
[6459419]
[6480253]
[6483224]
[6540606]
[6544078]
[6588580]
[6602300]
[6614221]
[6631034]
[6691855]
[6713443]
[6733059]
[6740720]
[6795211]
[6799227]
[6836211]
[6840573]
[6849042]
[6850209]
[6859683]
[6901008]
[6903857]
[6924874]
[6930746]
[6967870]
[6979239]
[7019529]
[7025445]
[7030340]
[7076131]
[7089711]
[7092142]
[7093411]
[7152333]
[7153114]
[7165085]
[7180418]
[7183277]
[7200041]
[7225792]
[7243511]
[7264861]
[7304544]
[7359741]
[7369217]
[7391448]
[7392745]
[7392746]
[7405310]
[7452945]
[7459013]
[7478431]
[7489323]
[7500772]
[7512044]
[7526150]
[7562372]
[7565547]
[7572887]
[7576264]
[7582066]
[7602840]
[7617253]
[7623640]
[7625614]
[7634581]
[7653207]
[7670542]
[7672244]
[7700132]
[7736719]
[7802006]
[7805359]
[7811875]
[7817703]
[7841112]
[7845138]
[7852878]
[7892180]
[7902349]
[7914843]
[7935043]
[7953868]
[8034697]
[8041569]
[8057630]
[8058240]
[8062132]
[8078366]
[8091563]
[8124921]
[8131171]
[8175346]
[8198712]
[8201910]
[8233522]
[8251996]
[8275702]
[8279188]
[8310162]
[8316661]
[8323633]
[8327462]
[8353769]
[8396952]
[8400623]
[8414337]
[8471389]
[8483333]
[8487449]
[8508055]
[8581705]
[8594079]
[8611007]
[8628798]
[8632967]
[8634636]
[8649148]
[8687195]
[8692301]
[8698851]
[8715625]
[8719957]
[8730435]
[8783685]
[8794435]
[8806072]
[8814959]
[8822710]
[8842266]
[8875971]
[8903700]
[8944575]
[8949584]
[8951260]
[8964854]
[8967776]
[9012916]
[9053187]
[9056100]
[9059700]
[9074847]
[9076207]
[9109991]
[9126351]
[9145181]
[9156135]
[9159938]
[9161357]
[9197735]
[9201964]
[9236985]
[9264485]
[9267769]
[9284723]
[9293977]
[9327502]
[9354555]
[9365703]
[9373534]
[9391354]
[9411399]
[9418534]
[9430387]
[9433350]
[9540040]
[9560338]
[9576193]
[9583383]
[9596126]
[9603356]
[9622164]
[9628664]
[9633505]
[9637706]
[9653271]
[9666558]
[9718968]
[9720537]
[9744376]
[9748752]
[9780364]
[9786492]
[9791914]
[9817927]
[9831539]
[9837195]
[9845733]
[9848939]
[9861795]
[9888196]
[9897998]
[9910360]
[9952083]
[9995766]
[9999961]
[10000000, 10000001]
[10000010, 10000011]
[10000020, 10000021]
[10000030]
[10000040]
[10002346]
[10004783]
[10012614]
[10026986]
[10028593]
[10032958]
[10035717]
[10060427]
[10069180]
[10071456]
[10080320]
[10097168]
[10110717]
[10118318]
[10132124]
[10178757]
[10189126]
[10202894]
[10209545]
[10236520]
[10248192]
[10248389]
[10262698]
[10275411]
[10315429]
[10321588]
[10352095]
[10365322]
[10375182]
[10389142]
[10389143]
[10389794]
[10449150]
[10456559]
[10476868]
[10485110]
[10489311]
[10509340]
[10526791]
[10532969]
[10537981]
[10538007]
[10591919]
[10598400]
[10651797]
[10667321]
[10691144]
[10712320]
[10719350]
[10755153]
[10755984]
[10759529]
[10789972]
[10802915]
[10809984]
[10859908]
[10875327]
[10920352]
[10925955]
[10963799]
[10979723]
[10992251]
[11012887]
[11021521]
[11047543]
[11052544]
[11091375]
[11102908]
[11125718]
[11136371]
[11159464]
[11224103]
[11224934]
[11228035]
[11232355]
[11250655]
[11260714]
[11264180]
[11287364]
[11321183]
[11324436]
[11366199]
[11373345]
[11384280]
[11390349]
[11398059]
[11411223]
[11448373]
[11458071]
[11460577]
[11471117]
[11501629]
[11502550]
[11508758]
[11548522]
[11549357]
[11593137]
[11596936]
[11613567]
[11662742]
[11678191]
[11685347]
[11714098]
[11722335]
[11741041]
[11743119]
[11747708]
[11760174]
[11761845]
[11793047]
[11813722]
[11813953]
[11819616]
[11830996]
[11834972]
[11868731]
[11868825]
[11877465]
[11901678]
[11913700]
[11925569]
[11954712]
[11961740]
[11975962]
[11987744]
[12014404]
[12057781]
[12071500]
[12076263]
[12079734]
[12117532]
[12143771]
[12146024]
[12160911]
[12171659]
[12174035]
[12181376]
[12183332]
[12197543]
[12206212]
[12216615]
[12235475]
[12247206]
[12253117]
[12275533]
[12296376]
[12298909]
[12299841]
[12324546]
[12398280]
[12423762]
[12435193]
[12436646]
[12469386]
[12470447]
[12472242]
[12482652]
[12493482]
[12503902]
[12510878]
[12533811]
[12538374]
[12580477]
[12600382]
[12607053]
[12624008]
[12644061]
[12652643]
[12694768]
[12735388]
[12755462]
[12800777]
[12817939]
[12829151]
[12836042]
[12863633]
[12883044]
[12923641]
[12940613]
[12953226]
[12958919]
[12958920]
[12965761]
[12965762]
[12980373]
[12986778]
[12986807]
[13002461]
[13026402]
[13030280]
[13032689]
[13039848]
[13069066]
[13093792]
[13108445]
[13140300]
[13166204]
[13179332]
[13183454]
[13193642]
[13210191]
[13215230]
[13220032]
[13250922]
[13293158]
[13314457]
[13316346]
[13361027]
[13386503]
[13391185]
[13409151]
[13429800]
[13438207]
[13455953]
[13474291]
[13478040]
[13492423]
[13504844]
[13513663]
[13521194]
[13522325]
[13532663]
[13574687]
[13582837]
[13599884]
[13604200]
[13626450]
[13629812]
[13676474]
[13685271]
[13708425]
[13722870]
[13723605]
[13756293]
[13761956]
[13803864]
[13821299]
[13839120]
[13846680]
[13857930]
[13893596]
[13944422]
[13945283]
[13955608]
[13959634]
[13995824]
[13997673]
[14001430]
[14015067]
[14017402]
[14037717]
[14047624]
[14087893]
[14089428]
[14089429]
[14141448]
[14148099]
[14152862]
[14154221]
[14181608]
[14198496]
[14212201]
[14214060]
[14225239]
[14235211]
[14255590]
[14258627]
[14261867]
[14289852]
[14291024]
[14306092]
[14315573]
[14318794]
[14342283]
[14344682]
[14391920]
[14430063]
[14462257]
[14464864]
[14466224]
[14472500]
[14506878]
[14507213]
[14531242]
[14536035]
[14550855]
[14553285]
[14568951]
[14613029]
[14618326]
[14644902]
[14677495]
[14702066]
[14708569]
[14729426]
[14730606]
[14731897]
[14745409]
[14759024]
[14771222]
[14772491]
[14778250]
[14785765]
[14812659]
[14824019]
[14851496]
[14878871]
[14898066, 14898067]
[14936691]
[14943837]
[14977074]
[14983497]
[14989021]
[15013468]
[15023985]
[15025844]
[15028680]
[15042735]
[15052462]
[15083728]
[15090429]
[15103313]
[15150365]
[15150371]
[15169262]
[15175429]
[15187079]
[15237615]
[15240238]
[15259703, 15259704]
[15270885]
[15286412]
[15294090]
[15303296]
[15305240]
[15310033]
[15313433]
[15317640]
[15335853]
[15341821]
[15341822, 15341823]
[15367030]
[15383415]
[15394083]
[15394084]
[15401633]
[15458892]
[15471265]
[15475415]
[15480588]
[15507080]
[15510988]
[15545291]
[15552258]
[15561463]
[15574615]
[15576074]
[15595052]
[15605085]
[15629801]
[15629802]
[15653824]
[15658249]
[15667446]
[15684835]
[15717011]
[15734813]
[15767889]
[15800838]
[15820147]
[15839054]
[15854426]
[15866454]
[15871676]
[15893860]
[15894048]
[15914410]
[15935204]
[15939448]
[15941690]
[15951532]
[15960641]
[16008155]
[16037007]
[16067089]
[16111820]
[16135253]
[16157341]
[16191953]
[16197610]
[16222645]
[16226786]
[16227556]
[16229315]
[16241441]
[16246527]
[16255442]
[16259549]
[16268841]
[16272453]
[16279989]
[16304628]
[16308000]
[16353197]
[16366810]
[16366944]
[16392422]
[16430187]
[16435215]
[16437822]
[16469012]
[16475472]
[16480084]
[16507828]
[16509093]
[16516630]
[16527176]
[16550875]
[16556849]
[16587243]
[16589042]
[16616620]
[16638212]
[16674846]
[16678947]
[16693254]
[16708652]
[16719802]
[16751086]
[16762927]
[16768387]
[16796157]
[16825874]
[16828633]
[16886617]
[16889337]
[16898077]
[16899564]
[16906241]
[16909657]
[16923472]
[16940215]
[16946849]
[16946850]
[16956455]
[16970158]
[16972957]
[16984449]
[17021204]
[17032740]
[17045014]
[17078030]
[17092736]
[17115745]
[17129783]
[17132130]
[17178486]
[17185260]
[17189532]
[17189677]
[17192817]
[17201174]
[17214465]
[17238333]
[17241370]
[17243896]
[17259470]
[17266660]
[17285476]
[17286057]
[17313545]
[17358176]
[17363041]
[17375316]
[17377751]
[17393207]
[17415895]
[17418744]
[17418745]
[17441953]
[17444133]
[17449108]
[17475251]
[17484499]
[17490535]
[17494901]
[17502671]
[17511156]
[17521642]
[17535588]
[17536995]
[17548456]
[17559367]
[17573739]
[17589298]
[17597059]
[17601919]
[17643265]
[17649753]
[17653779]
[17655904]
[17658803]
[17706537]
[17720747]
[17732278]
[17733394]
[17760003]
[17810268]
[17814387]
[17841097]
[17874674]
[17881964]
[17896384]
[17932494]
[17948378]
[17955766]
[17968114]
[17985575]
[18013090]
[18036057]
[18060565]
[18063928]
[18096222]
[18114794]
[18144506, 18144507]
[18158397]
[18161786]
[18180762]
[18190572]
[18235577]
[18246479]
[18271561]
[18282103]
[18302224]
[18318842]
[18322364]
[18325492]
[18372968]
[18378582]
[18407024]
[18426196]
[18430390]
[18444902]
[18446701]
[18482591]
[18489208]
[18511384]
[18511599]
[18517177]
[18590133]
[18591904]
[18605135]
[18631392]
[18634367]
[18654201]
[18658572]
[18698739]
[18710707]
[18712704]
[18724123]
[18739764]
[18752938]
[18756904]
[18807108]
[18816758]
[18828179]
[18842395]
[18865703]
[18891691]
[18895832]
[18914778]
[18937875]
[18960169]
[18964575]
[18988391]
[19012345]
[19019586]
[19024706]
[19028307]
[19041767]
[19059929]
[19066538]
[19086954]
[19113101]
[19139516]
[19153634]
[19159413]
[19163116]
[19182751]
[19204398]
[19230407, 19230408]
[19252988]
[19310321]
[19312169]
[19327348]
[19333131]
[19337371]
[19353570]
[19357125]
[19384334]
[19394153]
[19406822]
[19439119]
[19441018]
[19451302]
[19505896]
[19523799]
[19578592]
[19594506]
[19596712]
[19605133]
[19612721]
[19613556]
[19642774]
[19642889]
[19665973]
[19667590]
[19680539]
[19700943]
[19733961]
[19737320]
[19740112]
[19763315]
[19827717]
[19844995]
[19847532]
[19870120]
[19877898]
[19932396]
[19959742]
[19974580]
[19980975]
[20003527]
[20032555]
[20057949]
[20060230]
[20065322]
[20065549]
[20101223]
[20127343]
[20138923]
[20140382]
[20154092]
[20174189]
[20188127]
[20193924]
[20210570]
[20228463]
[20264508]
[20277376]
[20277860]
[20315854]
[20351153]
[20358953]
[20368763]
[20374351]
[20374520]
[20394040]
[20436034]
[20438745]
[20450925]
[20457551]
[20470500]
[20474741]
[20522190]
[20529766]
[20541432]
[20546916]
[20586572]
[20624263]
[20630765]
[20638610]
[20644748]
[20663556]
[20686759]
[20700531]
[20721759]
[20721928, 20721929]
[20727787]
[20765952]
[20781762]
[20797524]
[20802187]
[20822520]
[20831168]
[20838380]
[20848593]
[20855340]
[20858318]
[20871001]
[20932152]
[20939559]
[20951752]
[20985997]
[21007444]
[21015833]
[21044178]
[21051146]
[21051977]
[21070956]
[21074344]
[21113684]
[21143940]
[21155323]
[21159309]
[21175632]
[21179143]
[21179144]
[21208154]
[21219755]
[21223277]
[21237481]
[21239280]
[21249921]
[21263083]
[21296383]
[21297224]
[21323861]
[21340051]
[21347810]
[21350571]
[21362970]
[21390858]
[21417692]
[21420702]
[21454943]
[21466326]
[21481146]
[21488686]
[21496848]
[21502796]
[21507589]
[21524779]
[21558682]
[21593977]
[21597117]
[21598948]
[21615956]
[21620076]
[21636650]
[21672573]
[21698716]
[21702241]
[21767650]
[21768554]
[21770260]
[21770261]
[21785144]
[21790410]
[21817254]
[21831848]
[21840375]
[21843307]
[21844576, 21844577]
[21879581]
[21887179]
[21888494]
[21900719]
[21908319]
[21924381]
[21947653]
[21954587]
[21977828]
[22009013]
[22020907]
[22026707]
[22046459]
[22047978]
[22056710]
[22061412]
[22076135]
[22082163]
[22110647]
[22123627]
[22147147]
[22160245]
[22171591]
[22201234]
[22205600]
[22318971]
[22339232]
[22346472]
[22359980]
[22371016]
[22377815]
[22386234]
[22419772]
[22431243]
[22446869]
[22479888]
[22493811]
[22493812]
[22499463]
[22512237]
[22512406]
[22537443]
[22539270]
[22567609]
[22587018]
[22589918]
[22609617]
[22610082]
[22624373]
[22628574]
[22653490]
[22666164]
[22702055]
[22747316]
[22751868]
[22754505]
[22790789]
[22796548]
[22812068]
[22835145]
[22837504]
[22842214]
[22855882]
[22858242]
[22869904]
[22873798]
[22888900]
[22900598]
[22910685]
[22959079]
[22991179]
[22993208]
[22996376]
[23008320]
[23015896]
[23032273]
[23051413]
[23087070]
[23093604]
[23115241]
[23116808]
[23116809]
[23118924]
[23122036]
[23168060]
[23171610]
[23205979]
[23212990]
[23232295]
[23234094]
[23265313]
[23265594]
[23269426]
[23274061]
[23282832]
[23289281]
[23297235]
[23299957]
[23303072]
[23309606]
[23323812]
[23327298]
[23401839]
[23408872]
[23421244]
[23424603]
[23434538]
[23440062]
[23454876]
[23471572]
[23516703]
[23535429]
[23557835]
[23558733]
[23562407]
[23571046]
[23615409]
[23635815]
[23639291]
[23659124]
[23681456]
[23693634]
[23701465]
[23756165]
[23770284]
[23771716]
[23776077]
[23782705]
[23842445]
[23846921]
[23869735]
[23874409]
[23899727]
[23915499]
[23927545]
[23927567]
[23950192]
[23965037]
[23995346, 23995347]
[23998625]
[24019261]
[24025620]
[24040093]
[24062258]
[24068492]
[24082387]
[24094653, 24094654]
[24096228]
[24103628]
[24104865]
[24128274]
[24137081]
[24140059]
[24150026]
[24184846]
[24194033]
[24221739]
[24221808]
[24268052]
[24285858]
[24291651]
[24294108]
[24311372]
[24311595]
[24317029]
[24348204]
[24362891]
[24384095]
[24419823]
[24432029]
[24433920, 24433921]
[24435369]
[24449083]
[24508238]
[24530661]
[24545464]
[24566654]
[24610207]
[24611934]
[24621460]
[24623598]
[24643836]
[24644634]
[24661486]
[24668830]
[24673894]
[24694698]
[24696097]
[24707869]
[24725825]
[24838456]
[24845628]
[24857466]
[24874630]
[24874631]
[24920410]
[24943456]
[24996659]
[25034083]
[25050038]
[25067275]
[25090294]
[25109950]
[25119460]
[25123082]
[25132288]
[25163248]
[25165047]
[25171661]
[25173686]
[25206027]
[25231813]
[25236056]
[25247218]
[25259669]
[25262697]
[25290459]
[25341652]
[25343017]
[25343280]
[25345186]
[25366484]
[25373678]
[25377819]
[25401880]
[25407406]
[25407643]
[25435080]
[25460258]
[25484449]
[25518020]
[25531465]
[25551951]
[25573054]
[25578802]
[25642998]
[25652259]
[25652655]
[25654671]
[25655502]
[25682811]
[25716180]
[25769732]
[25771826]
[25773409]
[25774450]
[25788011]
[25789292]
[25796442]
[25833572]
[25847467]
[25862681]
[25866285]
[25880422]
[25882881]
[25920413]
[25924653]
[25955164]
[25958491]
[25988873]
[26016357]
[26022485]
[26046205]
[26082117]
[26082229]
[26084285]
[26099457]
[26120084]
[26157485]
[26185991]
[26202165]
[26205777]
[26211048]
[26254876]
[26257572]
[26285788]
[26293219]
[26302522]
[26304459]
[26329679]
[26345570]
[26376390]
[26378150]
[26381750]
[26400609]
[26412047]
[26439287]
[26495087]
[26509612]
[26533075]
[26563200]
[26566878]
[26570480]
[26586849]
[26593852]
[26640671]
[26647858]
[26669055]
[26701483]
[26704411]
[26708437]
[26722601]
[26725158]
[26732909]
[26775203]
[26834022]
[26842483]
[26864586]
[26885836]
[26902560]
[26905245]
[26931058]
[26932788]
[26956670]
[26976414]
[26993374]
[27004302]
[27053506]
[27054370]
[27068117]
[27094595]
[27125110]
[27126980]
[27132350]
[27134689]
[27174286]
[27178262]
[27189308]
[27191436]
[27207573]
[27243130]
[27288416]
[27315304]
[27324313]
[27337596]
[27340877]
[27346636]
[27383110]
[27407330]
[27408609]
[27415516]
[27416701]
[27450400]
[27450401]
[27491571]
[27527047]
[27541267]
[27564031]
[27581098]
[27618634]
[27632240]
[27655513]
[27671321]
[27744077]
[27762803]
[27769400]
[27770341]
[27782503]
[27821104]
[27827272]
[27827903]
[27863269]
[27869883]
[27870033]
[27911549]
[27927359]
[27944249]
[27967615]
[27970830]
[27971137]
[27980138]
[28002611]
[28003512]
[28062325]
[28062326]
[28066831]
[28106077]
[28118128]
[28120197]
[28121403]
[28124263]
[28143906]
[28150174]
[28183605]
[28190303]
[28194325]
[28201945]
[28279543]
[28284902]
[28290705]
[28297833]
[28332833]
[28348537]
[28355718]
[28355719]
[28357177]
[28358902]
[28378427]
[28423537]
[28429121]
[28450915]
[28465301]
[28470714]
[28493337]
[28506708]
[28529976]
[28546905]
[28553439]
[28563545]
[28566710]
[28573958]
[28577986]
[28593363]
[28596933]
[28601770]
[28604635]
[28637168]
[28643791]
[28649820]
[28654932]
[28677304]
[28725004]
[28741524]
[28754338]
[28859794]
[28877100]
[28877602]
[28890974]
[28912357]
[28933734]
[28966434]
[28985331]
[28990150]
[29013526]
[29054481]
[29071332]
[29088922]
[29095552]
[29116732]
[29139104]
[29146185]
[29155212]
[29172562]
[29216198]
[29216957]
[29228350]
[29228529]
[29246354]
[29267084]
[29307554]
[29330706]
[29343734]
[29353756]
[29380133]
[29389368]
[29401950]
[29402771]
[29417188]
[29424328]
[29436665]
[29455728]
[29491031]
[29515122]
[29549364]
[29552709]
[29587993]
[29590752]
[29590905]
[29612557]
[29616929]
[29616941]
[29618570]
[29654737]
[29669359]
[29692206]
[29735721]
[29762407]
[29765339]
[29795530]
[29802344]
[29826127]
[29843091]
[29843092, 29843093, 29843094]
[29863101]
[29876529]
[29888389]
[29905795]
[29929832]
[29934351]
[29947751]
[29948642]
[29981921]
[29999161]
[30042158]
[30069398]
[30069399]
[30090452]
[30113682]
[30123142]
[30126992]
[30127518]
[30155789]
[30170981]
[30190809]
[30208479]
[30213599]
[30230789]
[30241314]
[30243636]
[30276969]
[30299166]
[30312361]
[30314994]
[30325729]
[30334522]
[30338466]
[30341772]
[30353551]
[30399511]
[30435145]
[30450531]
[30451366]
[30459350]
[30461781]
[30464153]
[30488793]
[30492798]
[30494314]
[30502181]
[30525991]
[30531525]
[30532390]
[30548775]
[30562585]
[30585393]
[30587695]
[30600344]
[30604579]
[30606547]
[30608985]
[30643162]
[30646525]
[30653113]
[30655537]
[30683373]
[30707994]
[30741334]
[30757396]
[30770156]
[30778711]
[30794966]
[30811116]
[30834988]
[30860696]
[30888983]
[30914564]
[30915572]
[30929786]
[30936186]
[31000575]
[31034919]
[31036355]
[31038159]
[31053337]
[31066283]
[31076103]
[31111109]
[31122090, 31122091]
[31173519]
[31175914]
[31242786]
[31245780]
[31247589]
[31281980]
[31303283]
[31305911]
[31320433]
[31328739]
[31339260]
[31383545]
[31385077]
[31386180]
[31423101]
[31440542]
[31447217]
[31456110]
[31467372]
[31476755]
[31477025]
[31480215]
[31516413]
[31533704]
[31550470]
[31553716]
[31554054]
[31557782]
[31560081]
[31563350]
[31571902]
[31615285]
[31632536]
[31677606]
[31692182]
[31709826]
[31764353]
[31764700]
[31766317]
[31768112]
[31785398]
[31786629]
[31812496]
[31826057]
[31828916]
[31829185]
[31849106]
[31863912]
[31887905]
[31890399]
[31893528]
[31904181]
[31919988]
[31924889]
[31930787]
[31975743]
[31986288]
[31986289]
[31987274]
[32003338, 32003339]
[32012841, 32012842]
[32015116]
[32022366]
[32061744]
[32062913]
[32065885]
[32086564]
[32180819]
[32202803]
[32207100]
[32233746]
[32240937]
[32268901]
[32269855]
[32271987]
[32274490]
[32296881]
[32298781]
[32314730]
[32339440]
[32344688]
[32355828]
[32362575]
[32391566]
[32391631]
[32393580]
[32437102]
[32441317]
[32452818]
[32485271]
[32485518]
[32491822]
[32539892]
[32541773]
[32542011]
[32543380]
[32548609]
[32569498]
[32603633]
[32619583]
[32626733]
[32646477]
[32663969]
[32679370]
[32696942]
[32703716]
[32710364]
[32723153]
[32744558]
[32750341]
[32750510]
[32751480]
[32752319]
[32761286]
[32807846]
[32809211]
[32835363]
[32854013]
[32872833]
[32907538]
[32918479]
[32919136]
[32933942]
[32995007]
[33017655]
[33031674]
[33034646]
[33057951]
[33064647]
[33066139]
[33093439]
[33112041]
[33114323]
[33178416]
[33184167]
[33184236]
[33198837]
[33225925]
[33236860]
[33244944]
[33248692]
[33302407]
[33323657]
[33347467]
[33365932]
[33396948]
[33413279]
[33413638]
[33420078]
[33423043]
[33455338]
[33508719]
[33537328]
[33550694]
[33551032]
[33574806]
[33621868]
[33655493]
[33665663]
[33691040]
[33695750]
[33725002]
[33725271]
[33731070]
[33734439]
[33737664]
[33767325]
[33776734]
[33782437]
[33784505]
[33846209]
[33866130]
[33875961]
[33878931]
[33883834]
[33900648]
[33904024]
[33911264]
[33950246]
[33951077]
[33970665]
[33972299]
[33977496]
[33981008]
[34002992]
[34004470]
[34016756]
[34022290]
[34026662]
[34029630]
[34086406]
[34088136]
[34100324]
[34103656]
[34109611]
[34116027]
[34124316]
[34143852]
[34149830]
[34160055]
[34187685]
[34193084]
[34206604]
[34230233]
[34236961]
[34251483]
[34257001]
[34290067]
[34294855]
[34320307]
[34334692]
[34351849]
[34358408]
[34370473]
[34442949]
[34460239]
[34460851]
[34471458]
[34487429]
[34536276]
[34541863]
[34545235]
[34568403]
[34627841]
[34646691]
[34659866]
[34664411]
[34690519]
[34694160]
[34707034]
[34717238]
[34743446]
[34796454]
[34815282]
[34830502]
[34838437]
[34853266]
[34906152]
[34961968]
[35011819]
[35027493]
[35050257]
[35052053]
[35059553]
[35073065]
[35112613]
[35149085]
[35183853]
[35195612]
[35209994]
[35215622]
[35220244]
[35224440]
[35255456]
[35262428]
[35268887]
[35268888]
[35282433]
[35307484]
[35316708]
[35322812]
[35346968]
[35419032]
[35429292]
[35448319]
[35464895]
[35480699]
[35486099]
[35514096]
[35514097]
[35537860]
[35539880]
[35563539]
[35565537]
[35577420]
[35618486]
[35629124]
[35631584]
[35638627]
[35686187, 35686188]
[35712107]
[35752363]
[35762283]
[35781051]
[35787450]
[35798491]
[35803249]
[35809262]
[35842855]
[35848254]
[35866404]
[35950025]
[35952884]
[35956022]
[35975813]
[35984222]
[36021814]
[36039163]
[36042004]
[36042825]
[36045450]
[36088082]
[36099620]
[36100154]
[36107810]
[36119641]
[36121917]
[36151751]
[36227804]
[36256625]
[36261276]
[36262024]
[36278828]
[36280194]
[36304921]
[36318200]
[36331074]
[36352429]
[36354007]
[36361633]
[36378044]
[36378213]
[36405256]
[36407615]
[36468556]
[36472900]
[36484016]
[36499284]
[36521459]
[36560997]
[36562627]
[36565699]
[36569343]
[36584821]
[36586443]
[36607978]
[36623431]
[36625827]
[36629203]
[36643046]
[36687247]
[36690018]
[36717258]
[36733451]
[36737092]
[36750412]
[36757171]
[36821538]
[36834155]
[36868108]
[36870345]
[36904469]
[36916401]
[36931229]
[36935434]
[36995273]
[37011715]
[37038993]
[37043180]
[37053871]
[37057012]
[37057743]
[37083210]
[37101832]
[37104630]
[37115575]
[37120512]
[37132349]
[37160778]
[37164373]
[37169670]
[37195861]
[37231841]
[37241623]
[37243151]
[37265642]
[37267041]
[37300735]
[37313348]
[37313786]
[37318031]
[37322745]
[37349495]
[37364101]
[37383714]
[37390589, 37390590]
[37406863]
[37412656]
[37421075]
[37421579]
[37436476]
[37457534]
[37474917]
[37507488]
[37511832]
[37520316]
[37534148]
[37557626]
[37576645]
[37580756]
[37620434]
[37630732]
[37675138]
[37684215]
[37694547]
[37721209]
[37742478]
[37744402]
[37745919]
[37781520]
[37792478]
[37803172]
[37806313]
[37812118]
[37820550]
[37829468]
[37869028]
[37926346]
[37953640]
[37955049]
[37957847]
[37970940]
[37993923]
[38033121, 38033122, 38033123, 38033124]
[38035986]
[38041940]
[38041941]
[38049541]
[38049934]
[38107923]
[38109772]
[38116136]
[38120068]
[38142739]
[38167722]
[38180759]
[38199696]
[38247752]
[38250531]
[38273745]
[38275183]
[38277918]
[38280762]
[38289717]
[38296564]
[38299233]
[38318146]
[38354937]
[38369349]
[38411870]
[38430673]
[38445524]
[38450736]
[38468214]
[38479725]
[38480590]
[38492752]
[38495396]
[38520918]
[38522377]
[38525760]
[38528901]
[38538445]
[38552107]
[38562933]
[38568567]
[38589847]
[38643567]
[38670435]
[38679204]
[38680149]
[38699854]
[38723936]
[38730226]
[38737148]
[38742075]
[38757297]
[38815069]
[38834303]
[38837163]
[38898779]
[38916461]
[38942059]
[38973775]
[38975369]
[38981606]
[38982356]
[38992735]
[38999506]
[39004808]
[39019325]
[39037517]
[39091951]
[39111158]
[39118197]
[39131963]
[39139935]
[39163598]
[39168895]
[39175982]
[39180960]
[39188539]
[39191307]
[39239728]
[39256679]
[39261576]
[39272762]
[39284521]
[39303359]
[39343610]
[39399168]
[39402797]
[39439590]
[39440937]
[39477584]
[39507162]
[39512984]
[39526584]
[39531794]
[39537362]
[39552864]
[39648965]
[39672388]
[39674352]
[39695323]
[39699564]
[39701395]
[39703254]
[39711336]
[39712330]
[39719977]
[39751093, 39751094]
[39761138]
[39765115]
[39774685]
[39806198]
[39823987]
[39829561]
[39892082]
[39897277]
[39905966]
[39910367]
[39956951]
[39967326]
[39972129]
[39972130]
[39978267]
[39980304]
[39984786]
[39987164]
[40012727]
[40044918]
[40048324]
[40101111]
[40133511]
[40143123]
[40155554]
[40160226]
[40172183]
[40173854]
[40189917]
[40196604]
[40200834]
[40213117]
[40217358]
[40225398]
[40230018]
[40240595]
[40253382]
[40267580]
[40279770]
[40320754]
[40343749]
[40348946]
[40350910]
[40374923]
[40383551]
[40384720]
[40387124]
[40390147]
[40391316]
[40410110]
[40418351]
[40424929]
[40453765]
[40465719]
[40473581]
[40529384]
[40555959]
[40575313]
[40583194]
[40591390]
[40607210]
[40619741]
[40619825]
[40633297]
[40640057, 40640058, 40640059]
[40659562]
[40666140]
[40695128]
[40703222]
[40703223]
[40703393]
[40732515]
[40736921]
[40737112]
[40817915]
[40826495]
[40830387]
[40844552]
[40844553]
[40854197]
[40867519]
[40884383]
[40908371]
[40916023]
[40921545]
[40921744]
[40933924]
[40937767]
[40991587]
[41006930]
[41039846]
[41061625]
[41077745]
[41089128]
[41090784]
[41098335]
[41113025]
[41142615]
[41147577]
[41158734]
[41160533]
[41160595]
[41172955]
[41181774]
[41182875]
[41197012]
[41201555]
[41218256]
[41224658]
[41230939]
[41234315]
[41249545]
[41269771]
[41309158]
[41329458]
[41356845, 41356846]
[41382147]
[41392891]
[41396436]
[41398771]
[41403766]
[41420027]
[41422426]
[41426869]
[41431329]
[41436536]
[41442341]
[41458579]
[41462083, 41462084]
[41470137]
[41475424]
[41482598]
[41517789]
[41517968]
[41544074]
[41587307]
[41589166]
[41613948]
[41620959]
[41639001]
[41705642]
[41722932]
[41741922]
[41753322]
[41762634]
[41788781]
[41855169]
[41858121]
[41859700]
[41872150]
[41902352]
[41925941]
[41930553]
[41949033]
[41952656]
[41978142]
[42009836]
[42015635]
[42024143]
[42035044, 42035045]
[42071342]
[42079445]
[42082363]
[42110434]
[42129512]
[42155488]
[42167046]
[42175079]
[42239546]
[42256406]
[42280216]
[42303365]
[42309337]
[42314669]
[42328171]
[42348802]
[42364257]
[42364374]
[42386471]
[42391240]
[42418084]
[42421606]
[42425831]
[42431843]
[42463414]
[42534368]
[42541548]
[42548470]
[42551040]
[42578427]
[42591472]
[42592719]
[42598242]
[42599677]
[42625254]
[42647539]
[42664989]
[42671151]
[42671152]
[42679662]
[42682609]
[42685062]
[42703248]
[42709949]
[42737833]
[42752141]
[42793609]
[42810973]
[42829885]
[42851643]
[42868711]
[42874792]
[42883273]
[42940404]
[42941100]
[42945701]
[42956963]
[42956964]
[42969214]
[42994702]
[43002864]
[43014054]
[43040603]
[43061293]
[43096270]
[43114901]
[43138260]
[43140791]
[43140792]
[43191636]
[43230671]
[43237273]
[43250041]
[43262273]
[43318266]
[43332022]
[43340443]
[43352213]
[43359262]
[43366227]
[43378048]
[43378076]
[43385557]
[43405287]
[43417563]
[43422537]
[43426903]
[43434803]
[43452193]
[43487744]
[43500484]
[43509019]
[43513897]
[43530283]
[43543777]
[43573231]
[43580269]
[43586926]
[43641473]
[43642620]
[43644025]
[43661068]
[43694075]
[43694481]
[43697559]
[43708041]
[43708640]
[43711255]
[43714890]
[43716289]
[43748308]
[43751755]
[43791861]
[43793530]
[43797906]
[43813459]
[43841694]
[43889633]
[43905751]
[43906884]
[43925870]
[43932460]
[43973174]
[44028461]
[44035031]
[44046281]
[44072894]
[44073668]
[44095762]
[44125452]
[44155002]
[44178886]
[44182827]
[44203504]
[44209392]
[44223284]
[44236692]
[44250812]
[44273680]
[44287299]
[44330098]
[44330099]
[44341034]
[44364207]
[44424095]
[44430454]
[44436472]
[44472639]
[44487250]
[44505297]
[44508094]
[44509898]
[44519536]
[44584775]
[44595286]
[44635489]
[44656491]
[44663232]
[44665365]
[44676200]
[44682448]
[44689688]
[44689689]
[44702857]
[44717069]
[44729197]
[44762290]
[44763025]
[44789585]
[44790889]
[44792253]
[44800181]
[44811425]
[44860890]
[44865098]
[44877690]
[44883600]
[44883830]
[44887817]
[44901281]
[44910027]
[44913552]
[44920699]
[44947065]
[44954628]
[45023678]
[45033006]
[45037489]
[45041488]
[45042329]
[45045866]
[45082499]
[45118716]
[45121025]
[45133463]
[45141013]
[45141844]
[45159319]
[45170821]
[45178472]
[45215453]
[45222299]
[45231177]
[45247637]
[45282603]
[45298492]
[45305419]
[45311864]
[45358284]
[45379225]
[45425051]
[45439263]
[45450218]
[45452224]
[45458027]
[45462639]
[45496268]
[45500495]
[45547649]
[45586855]
[45593005]
[45620686]
[45651298]
[45653036]
[45662855]
[45688586]
[45705025]
[45711266]
[45725480]
[45778932]
[45801022]
[45809008]
[45812361]
[45815891]
[45869829]
[45871897]
[45894482]
[45895206]
[45898858]
[45906428]
[45909477]
[45939611]
[45939841]
[45945685]
[45985838]
[45986603]
[46009906]
[46031686]
[46037213]
[46044841]
[46052429]
[46083380]
[46089249]
[46128076]
[46130346]
[46145256]
[46159582]
[46173679]
[46173680, 46173681]
[46181000]
[46195773]
[46237548]
[46239604]
[46247516]
[46263076]
[46272804]
[46291010]
[46303688]
[46337945]
[46363422]
[46384403]
[46384672]
[46404281]
[46411259]
[46427957]
[46448938]
[46457856]
[46461247]
[46474915]
[46480475]
[46502013]
[46508640]
[46534755]
[46571052]
[46572756]
[46609443]
[46652477]
[46656406]
[46657337]
[46668237]
[46696593]
[46700124]
[46710683]
[46718686]
[46759931]
[46820049]
[46821314]
[46833854]
[46848859]
[46864967]
[46874015]
[46897277]
[46910446]
[46918794]
[46961802]
[46967601]
[46986414, 46986415, 46986416, 46986417, 46986418]
[47013502]
[47025270]
[47030842]
[47060154]
[47060347]
[47084486]
[47106439]
[47111934]
[47121070]
[47126872]
[47150851]
[47217354]
[47228077]
[47233801]
[47247413]
[47274077]
[47295267]
[47297616]
[47319141]
[47325505]
[47346845]
[47349310]
[47355498]
[47360060]
[47372349]
[47387961]
[47395382]
[47408488]
[47415292]
[47421985]
[47432275]
[47436247]
[47453433]
[47459126]
[47480070]
[47506081]
[47507260]
[47529357]
[47579719]
[47594192]
[47596607]
[47606319]
[47658964]
[47658965]
[47660516]
[47664723]
[47693640]
[47695416]
[47731128]
[47737087]
[47754278]
[47766694]
[47778083]
[47795344]
[47805931]
[47826112]
[47829960]
[47852924, 47852925]
[47879985]
[47922711]
[47929865]
[47942531]
[47961808]
[47985614]
[47986555]
[48009503]
[48017809]
[48049769]
[48092532]
[48094997]
[48109103]
[48115277]
[48115278]
[48130397]
[48135190]
[48148828]
[48156348]
[48179391]
[48202661]
[48206762]
[48216773]
[48229808]
[48252330]
[48276469]
[48305365]
[48333324]
[48343627]
[48356796]
[48357738]
[48365709]
[48370501]
[48381268]
[48411996]
[48411997]
[48439321]
[48445393]
[48447192]
[48453776]
[48505422]
[48531733]
[48539234]
[48568432]
[48576971]
[48579379]
[48582558]
[48588176]
[48642904]
[48649353]
[48653261]
[48659020]
[48675364]
[48686504]
[48700891]
[48712195]
[48716139]
[48742406]
[48766543]
[48768179]
[48783998]
[48868994]
[48928529]
[48934760]
[48948935]
[48964966]
[48976825]
[48995978]
[48996569]
[49003308]
[49003716]
[49010598]
[49064413]
[49080532]
[49127943]
[49140998]
[49144107]
[49191560]
[49195710]
[49202331]
[49204190]
[49217579]
[49218300]
[49221191]
[49251811]
[49258578]
[49267971]
[49328340]
[49352945]
[49370026]
[49374988]
[49375719]
[49389523]
[49398568]
[49417509]
[49441499]
[49456901]
[49460512]
[49469105]
[49479374]
[49514333]
[49522489]
[49551909]
[49563947]
[49587034]
[49587396]
[49597193]
[49600724]
[49633574]
[49645921]
[49669730]
[49674183]
[49678559]
[49680980]
[49681811]
[49721904]
[49771608]
[49785720]
[49791927, 49791928]
[49808196]
[49808197]
[49814180]
[49826746]
[49833312]
[49868263]
[49879995]
[49881766]
[49888191]
[49905576]
[49980185]
[49998907]
[50005633]
[50032342]
[50045299]
[50074522]
[50078509]
[50088247]
[50091196]
[50122883]
[50140163]
[50152549]
[50164989]
[50176820]
[50215517]
[50243722]
[50259460]
[50263751]
[50278554]
[50282757]
[50287060]
[50292967]
[50304345]
[50319138]
[50321796]
[50323155]
[50400231]
[50412166]
[50418970]
[50427388]
[50433147]
[50449881]
[50457953]
[50470982]
[50491121]
[50527144]
[50532786]
[50593156]
[50604950]
[50613779]
[50615578]
[50621530]
[50684552]
[50702124]
[50705071]
[50712728]
[50725996]
[50732780]
[50766506]
[50781944]
[50785356]
[50789693]
[50823978]
[50866755]
[50893987]
[50913601]
[50916353]
[50930991]
[50933533]
[50939127]
[50951359]
[50957346]
[51020079]
[51043243]
[51047350]
[51085303]
[51119924]
[51192573]
[51196174]
[51228280]
[51232472]
[51254277]
[51254980]
[51267887]
[51275027]
[51282878]
[51324455]
[51345461]
[51351302]
[51355346]
[51365514]
[51371017]
[51394546]
[51402177]
[51402908]
[51405049]
[51435705]
[51447164]
[51449743]
[51452091]
[51481927]
[51482758]
[51534754]
[51549976]
[51554871]
[51555725]
[51562916]
[51566770]
[51589188]
[51616747]
[51630558]
[51632798]
[51638941]
[51670553]
[51701885]
[51717541]
[51735257]
[51773900]
[51790181]
[51808422]
[51827737]
[51828629]
[51838385]
[51852507]
[51855378]
[51858306]
[51925772]
[51934376]
[51945556]
[51960178]
[51962254]
[51987571]
[51987572]
[52031567]
[52035300]
[52040216]
[52077741]
[52090844]
[52097679]
[52098461]
[52101615]
[52105192]
[52121290]
[52128900]
[52140003]
[52158283]
[52182715]
[52222372]
[52228131]
[52248570]
[52263685]
[52265835]
[52286175]
[52319752]
[52323207]
[52340274]
[52346240]
[52352005]
[52367652]
[52370835]
[52404456]
[52417194]
[52430902]
[52496105]
[52497105]
[52503575]
[52512994]
[52518793]
[52550973]
[52558805]
[52571838]
[52575195]
[52584282]
[52601736]
[52624755]
[52628687]
[52639377]
[52648457]
[52675689]
[52684508]
[52687916]
[52702748]
[52709508]
[52768103]
[52786469]
[52800428]
[52817046]
[52823314]
[52824910]
[52833089]
[52840598]
[52860176]
[52869807]
[52875873]
[52900379]
[52913738]
[52971673]
[52971944]
[52977572]
[53027855]
[53039326]
[53046408]
[53063039]
[53090623]
[53100061]
[53112492]
[53116300]
[53119267]
[53129443]
[53136004]
[53152590]
[53153481]
[53162898]
[53183600]
[53193261]
[53199020]
[53239672]
[53244294]
[53257892]
[53274132]
[53291093]
[53293545]
[53334471]
[53341729]
[53347303]
[53375573]
[53388413]
[53408006]
[53451824]
[53461122]
[53466826]
[53493204]
[53519297]
[53527835]
[53530069]
[53539634]
[53540729]
[53567095]
[53569894]
[53573406]
[53581214]
[53582587]
[53586134]
[53606874]
[53610653]
[53623827]
[53656677]
[53670497]
[53678698]
[53693416]
[53713014]
[53714009]
[53776525]
[53778229]
[53797637]
[53804307]
[53819808]
[53828396]
[53829412]
[53830602]
[53832650]
[53839837]
[53855409]
[53855410, 53855411]
[53890795]
[53921056]
[53927679]
[53944920]
[53981499]
[53982768]
[54031490]
[54040221]
[54048462]
[54059040]
[54094821]
[54098121]
[54109233]
[54149433]
[54161401]
[54178050]
[54248491]
[54266211]
[54283059]
[54289683]
[54306223]
[54326448]
[54338958]
[54343893]
[54351224]
[54359696]
[54360049]
[54366836]
[54415063]
[54451023]
[54455435]
[54455664]
[54490275]
[54493213]
[54497620]
[54512827]
[54514594]
[54520292]
[54539105]
[54541900]
[54578613]
[54579801]
[54582424]
[54591086]
[54615781]
[54620698]
[54622031]
[54631834]
[54635862]
[54652250]
[54702678]
[54704216]
[54706054]
[54719828]
[54749427]
[54752875]
[54762426]
[54766667]
[54813225]
[54844990]
[54860010]
[54878498]
[54912977]
[54913680]
[54936498]
[54959865]
[54974237]
[54976796]
[54977057]
[55001420]
[55008284]
[55013285]
[55014050]
[55046718]
[55063681]
[55067058]
[55099248]
[55117418]
[55119278]
[55136228]
[55144522]
[55154048]
[55171412]
[55204071]
[55210709]
[55226821]
[55256016]
[55271628]
[55277252]
[55291359]
[55321970]
[55337339]
[55343236]
[55348096]
[55375684]
[55401221]
[55424270]
[55428242]
[55428811]
[55444629]
[55461064]
[55465441]
[55488859]
[55501446]
[55550921]
[55567161]
[55586621]
[55589254]
[55608151]
[55615891]
[55624610]
[55673611]
[55690251]
[55691901]
[55696885]
[55713623]
[55727845]
[55735315]
[55737443]
[55758589]
[55761792]
[55763552]
[55773067]
[55784832]
[55794644]
[55818463]
[55821894]
[55824220]
[55875323]
[55888045]
[55935416]
[55948544]
[55982698]
[55985014]
[55991637]
[55998462]
[56043446, 56043447]
[56051648]
[56051649]
[56052205]
[56058888]
[56074358]
[56094445]
[56105047]
[56120475]
[56174248]
[56209279]
[56223084]
[56240989]
[56246017]
[56252810]
[56260110]
[56283725]
[56286179]
[56321639]
[56339050]
[56342351]
[56369281]
[56387350]
[56399890]
[56410040]
[56413937]
[56427559]
[56433456]
[56460688]
[56511382]
[56514812]
[56524813]
[56532632]
[56535497]
[56570271]
[56594520]
[56597272]
[56597273]
[56605802]
[56606928]
[56641453]
[56647086]
[56704140]
[56713552]
[56746202]
[56747793]
[56768355]
[56769674]
[56784842]
[56789759]
[56830749]
[56839613]
[56840427]
[56840658]
[56856951]
[56897896]
[56907389]
[56910167]
[56916805]
[56921677]
[56931015]
[56948373]
[56981417]
[56993276]
[56995655]
[57006589]
[57019473]
[57036718]
[57043117]
[57046845]
[57062206]
[57069605]
[57103969]
[57108202]
[57115864]
[57116033, 57116034]
[57139487]
[57182235]
[57201737]
[57238939]
[57270476]
[57272170]
[57274196]
[57281778]
[57305373]
[57308711]
[57319935]
[57346400]
[57355219]
[57384901]
[57405307]
[57409948]
[57421866]
[57441100]
[57482479]
[57543573]
[57549932]
[57568840]
[57579381]
[57585212]
[57610714]
[57617178]
[57662975]
[57666212]
[57728570, 57728571]
[57731460]
[57753602]
[57774843]
[57782164]
[57784563]
[57793869]
[57827484]
[57836546]
[57839750]
[57844634]
[57882509]
[57902193]
[57902462]
[57935140]
[57953380]
[57962537]
[57996334]
[58012107]
[58015506]
[58054262]
[58058134]
[58071123]
[58074572]
[58098303]
[58120309]
[58131925]
[58132856]
[58147549]
[58165765]
[58185394]
[58192742]
[58206034]
[58242947]
[58258899]
[58268433]
[58272005]
[58314394]
[58324930]
[58332301]
[58392024]
[58419204]
[58441120]
[58453942]
[58471134]
[58475908]
[58477767]
[58494728]
[58504745]
[58528964]
[58531587]
[58538870]
[58551308]
[58554959]
[58577036]
[58601383]
[58607704]
[58621589]
[58628539]
[58641905]
[58685438]
[58696829]
[58712976]
[58760121]
[58775978]
[58807980]
[58818411]
[58820853]
[58831685]
[58843503]
[58851034]
[58859575]
[58861941]
[58873391]
[58911105]
[58921041]
[58924378]
[58932615, 58932616]
[58990631]
[58996430]
[59019082]
[59023523]
[59036972]
[59042331]
[59053232]
[59057152]
[59070329]
[59156966]
[59170782]
[59197169]
[59235795]
[59237154]
[59258334]
[59290628]
[59297550]
[59305593]
[59312550]
[59344077]
[59364406]
[59371387]
[59380081]
[59383041]
[59385322]
[59388357]
[59464593]
[59482302]
[59509952]
[59546528]
[59560625]
[59563768]
[59575539]
[59593925]
[59616123]
[59627393]
[59644958]
[59695933]
[59699355]
[59718521]
[59744639]
[59755122]
[59771339]
[59784896]
[59793705]
[59797187]
[59811955]
[59820352]
[59834564]
[59839761]
[59905358]
[59907935]
[59957503]
[59965151]
[59969392]
[59983499]
[60080151]
[60082869]
[60102563]
[60161788]
[60181553]
[60187739]
[60202749]
[60222582]
[60228941]
[60229110]
[60234913]
[60246171]
[60258960]
[60306104]
[60312997]
[60316373]
[60365591]
[60369732]
[60391791]
[60398723]
[60399954]
[60406591]
[60406592]
[60410769]
[60417395]
[60434101]
[60470713]
[60482781]
[60493189]
[60519422]
[60530944]
[60534585]
[60577362]
[60589682]
[60606759]
[60627999]
[60634565]
[60645181]
[60668166]
[60682203]
[60694662]
[60715406]
[60718396]
[60728397]
[60741115]
[60764581]
[60764582, 60764583]
[60800381]
[60802233]
[60806437]
[60862676]
[60866277]
[60876124]
[60912752]
[60930169]
[60946968]
[60953118]
[60992364]
[60999392]
[61011311]
[61019812]
[61032879]
[61044390]
[61049315]
[61068510]
[61127349]
[61132951]
[61166988]
[61175706]
[61181383]
[61201220]
[61204971]
[61231400]
[61254509]
[61257789]
[61314842]
[61344030]
[61370518]
[61380658]
[61405855]
[61411502]
[61441708]
[61454890]
[61466310]
[61468779]
[61505339]
[61528025]
[61538782]
[61587183]
[61592395]
[61622107]
[61623148]
[61632317]
[61650133]
[61656650]
[61679541]
[61705417]
[61737116]
[61740673]
[61757117]
[61777313]
[61791132]
[61802346]
[61807040]
[61831093]
[61840587]
[61844784]
[61850482]
[61854111]
[61864793]
[61901281]
[61962135]
[61968753]
[62007535]
[62023839]
[62054060]
[62107612]
[62107981]
[62113340]
[62154416]
[62180201]
[62188962]
[62193699]
[62210247]
[62265044]
[62271284]
[62279055]
[62315111]
[62325062]
[62327910]
[62337487]
[62340868]
[62379337]
[62397231]
[62403074]
[62420419]
[62437430]
[62437709]
[62472614]
[62473983]
[62476197]
[62476815]
[62499965]
[62514770]
[62543393]
[62543394]
[62560742]
[62624486]
[62633180]
[62651957]
[62671448]
[62701967]
[62729173]
[62742651]
[62762898]
[62782218]
[62784717]
[62793020]
[62867251]
[62868900]
[62873545]
[62878208]
[62892347]
[62896588]
[62950604]
[62953041]
[62966332]
[62980542]
[62991886]
[63012333]
[63014935]
[63018036]
[63018132]
[63035430]
[63101919]
[63102017]
[63120904]
[63125616]
[63142001]
[63162310]
[63175639]
[63176202]
[63193536]
[63211608]
[63223260]
[63223467]
[63224564]
[63253763]
[63259351]
[63300440]
[63308047]
[63323539]
[63356631]
[63391643]
[63394872]
[63422098]
[63432835]
[63442604]
[63442605]
[63465535]
[63468625]
[63477921]
[63485233]
[63487632]
[63515678]
[63516460]
[63519819]
[63545455]
[63545861]
[63571750]
[63595262]
[63612442]
[63630268]
[63665606]
[63665875]
[63676256]
[63689843]
[63695531]
[63703130]
[63730624]
[63741331]
[63746411]
[63749102]
[63789924]
[63804806]
[63806265]
[63851864]
[63883999]
[63942761]
[63948258]
[63977008]
[63995093]
[64034255]
[64038662]
[64047146]
[64107820]
[64145892]
[64154377]
[64160836]
[64163367]
[64187086]
[64238008]
[64245689]
[64262809]
[64268668]
[64271667]
[64274292]
[64306248]
[64332231]
[64335804, 64335805]
[64342551]
[64379430]
[64382839]
[64382840]
[64389297]
[64398890]
[64428736]
[64437633]
[64463828]
[64500000]
[64501875]
[64511793]
[64514622]
[64538655]
[64550682]
[64554883]
[64599569]
[64627453]
[64631466]
[64662453]
[64681263]
[64681432]
[64689404]
[64697231]
[64734090]
[64734921]
[64751286]
[64752646]
[64788463]
[64801562]
[64815084]
[64892035]
[64898834]
[64910482]
[64926005]
[64952266]
[64973456]
[64990807]
[65026212]
[65064143]
[65079854]
[65149697]
[65150219]
[65156847]
[65169794]
[65192027]
[65196094]
[65240384]
[65260293]
[65277087]
[65282484]
[65287621]
[65301952]
[65303664]
[65367484]
[65384019]
[65393205]
[65396880]
[65403020]
[65422840]
[65450690]
[65458948]
[65475294]
[65496056]
[65503206]
[65549080]
[65570596]
[65612454]
[65622692]
[65623423]
[65659181]
[65676461]
[65685470]
[65703851]
[65737274]
[65743242]
[65749035]
[65758454]
[65810489]
[65810490]
[65824822]
[65830223]
[65844845]
[65878864]
[65884091]
[65957473]
[65961085]
[65961683]
[65984457]
[66066482]
[66073051]
[66084673]
[66094973]
[66100045]
[66165755]
[66200210]
[66214679]
[66235877]
[66288028]
[66331855]
[66337215]
[66362965]
[66378485]
[66395299]
[66399675]
[66413481]
[66436257]
[66457407]
[66499018]
[66506689]
[66516792]
[66518841]
[66523544]
[66526672]
[66540884]
[66602787]
[66604523]
[66607691]
[66625883]
[66661678]
[66661679]
[66672569]
[66690411]
[66707058]
[66712593]
[66719324]
[66727115]
[66729231]
[66742250]
[66762372]
[66788016]
[66789970]
[66816282]
[66818682]
[66835946]
[66836598]
[66853752]
[66865880]
[66889139]
[66926224]
[66927994]
[66947414]
[66957584]
[66970002]
[66973070]
[66976526]
[66989694]
[67030233]
[67038874]
[67045174]
[67048711]
[67049542]
[67095270]
[67098114]
[67105242]
[67111213]
[67136033]
[67159705]
[67169062]
[67196946]
[67211766]
[67223587]
[67227834]
[67232306]
[67234805]
[67270095]
[67284908]
[67287533]
[67300516]
[67316075]
[67328336]
[67371383]
[67441435]
[67445676]
[67464807]
[67468948]
[67483216]
[67489919]
[67494157]
[67511500]
[67532912]
[67559101]
[67629977]
[67630339]
[67646312]
[67675300]
[67688478]
[67692580]
[67723438]
[67724379]
[67750322]
[67757079]
[67775894]
[67779172]
[67829249]
[67841515]
[67904682]
[67922702]
[67934141]
[67949763]
[67949764]
[67951831]
[67957315]
[67959180]
[67964209]
[67968069]
[67985943]
[67987302]
[67987611]
[68005187]
[68007326]
[68049471]
[68054593]
[68057622]
[68073522]
[68084557]
[68087897]
[68120130]
[68124775]
[68140974]
[68144350]
[68167124]
[68170903]
[68171737]
[68184115]
[68191243]
[68215963]
[68226653]
[68280530]
[68304813]
[68319538]
[68334074]
[68339286]
[68366996]
[68371799]
[68392533]
[68396778]
[68400115]
[68401546]
[68427465]
[68450517]
[68456353]
[68462976]
[68473226]
[68505803]
[68516705]
[68540058, 68540059]
[68543408]
[68597372]
[68601507]
[68638985]
[68658728]
[68661341]
[68663748]
[68670547]
[68722455]
[68745629]
[68762510]
[68774379]
[68786330]
[68809475]
[68811206]
[68815132]
[68815401]
[68815402]
[68846917]
[68870276]
[68875140]
[68881649]
[68928540]
[68933343]
[68937720]
[68963107]
[69000994]
[69015963]
[69023354]
[69025477]
[69031175]
[69035382]
[69042950]
[69069911]
[69091732]
[69112325]
[69122763]
[69123138]
[69140098, 69140099]
[69155991]
[69162969]
[69176131]
[69196160]
[69207766]
[69243722]
[69243953]
[69247929]
[69257165]
[69270537]
[69279219]
[69293721]
[69296555]
[69303178]
[69313735]
[69320362]
[69380702]
[69402394]
[69408987]
[69448290]
[69455834]
[69456283]
[69461394]
[69488544]
[69514125]
[69529567]
[69537999]
[69542930]
[69572024]
[69572169]
[69579761]
[69584564]
[69610924]
[69632396]
[69633792]
[69669405]
[69695704]
[69723159]
[69724380]
[69750536]
[69750546]
[69780745]
[69831560]
[69832741]
[69846323]
[69884162]
[69890967]
[69890968]
[69893315]
[69931927]
[69933858]
[69937550]
[69954399]
[69992868]
[70046172]
[70050374]
[70054514]
[70074904]
[70083723]
[70084224]
[70089580]
[70095154, 70095155]
[70101178]
[70138455]
[70156997]
[70187958]
[70194827]
[70231910]
[70261145]
[70271583]
[70278545]
[70284332]
[70307656]
[70329348]
[70342110]
[70344351]
[70345785]
[70355994]
[70368879]
[70391588]
[70391589]
[70406920]
[70423794]
[70546737]
[70583986]
[70595331]
[70624184]
[70630741]
[70655556]
[70668285]
[70676581]
[70681994]
[70780151]
[70781052, 70781053, 70781054, 70781055]
[70791313]
[70797118]
[70821187]
[70828912]
[70832512]
[70861343]
[70865988]
[70875955]
[70902743]
[70903634]
[70908596]
[70924884]
[70946699]
[70948327]
[70969517]
[71044499]
[71060915]
[71068247]
[71068263]
[71071546]
[71098407]
[71106375]
[71107816]
[71181155]
[71200730]
[71203602]
[71209500]
[71218746]
[71233859]
[71249758]
[71272951]
[71280811]
[71283180]
[71315423]
[71341529]
[71353388]
[71395725]
[71407486]
[71411377]
[71413901]
[71417170]
[71438011]
[71453557]
[71466592]
[71490127]
[71519605]
[71541986]
[71544954]
[71564150]
[71564252]
[71587526]
[71594310]
[71616908]
[71625222]
[71628381]
[71645242]
[71645243]
[71652522]
[71717923]
[71746462]
[71759912]
[71786742]
[71799173]
[71829750]
[71870152]
[71880877]
[71923655]
[71930383]
[71934924]
[71950093]
[71971554]
[71983925]
[72022087]
[72029628]
[72053645]
[72056560]
[72076281]
[72142276]
[72144675]
[72150572]
[72192100]
[72204747]
[72237166]
[72258771]
[72269672]
[72278479]
[72287557]
[72299832]
[72302403]
[72328962]
[72345736]
[72355441]
[72403299]
[72405967]
[72426662]
[72429240]
[72439556]
[72443568]
[72446038]
[72502414]
[72520073]
[72549351]
[72563071]
[72575145]
[72580321]
[72630549]
[72631243]
[72634965]
[72657739]
[72677437]
[72709014]
[72710085]
[72714392]
[72767833]
[72842870]
[72845813]
[72869010]
[72881007]
[72885174]
[72892473]
[72896720]
[72903645]
[72926163]
[72929454]
[72932673]
[72989439]
[72992744]
[73001017]
[73018302]
[73026394]
[73040500]
[73048641]
[73051941]
[73061465]
[73079365]
[73081602]
[73125233]
[73134081, 73134082]
[73146473]
[73148972]
[73178098]
[73199638]
[73206827]
[73216412]
[73219648]
[73262676]
[73285669]
[73318863]
[73333463]
[73356503]
[73398797]
[73414375]
[73417207]
[73428497]
[73431236]
[73445448]
[73481154]
[73483491]
[73507661]
[73544866]
[73551138]
[73567374]
[73574678]
[73578229]
[73580471]
[73599290]
[73625877]
[73628505]
[73632127]
[73648243]
[73659078]
[73665146]
[73680966]
[73698349]
[73702909]
[73729209]
[73752131]
[73776643]
[73778008]
[73783043]
[73787254]
[73837870]
[73853830]
[73872164]
[73879377]
[73891874]
[73899015]
[73906480]
[73911410]
[73915051]
[73915052, 73915053, 73915054, 73915055]
[73964868]
[74010769]
[74029853]
[74064212]
[74093656]
[74094021]
[74095602]
[74115234]
[74117290]
[74130411]
[74131780]
[74137509]
[74153887]
[74157028]
[74168099]
[74191942]
[74270067]
[74277583]
[74294676]
[74298287]
[74311226]
[74329404]
[74364659]
[74367458]
[74371660]
[74388798]
[74402414]
[74416224]
[74439492]
[74440055]
[74440056]
[74458486]
[74506079]
[74509280]
[74519184]
[74530899]
[74576482]
[74591968]
[74593218]
[74611888]
[74637266]
[74641045]
[74657662]
[74677422, 74677423, 74677424, 74677425, 74677426]
[74694807]
[74701381]
[74703140]
[74711057]
[74713516]
[74717840]
[74728028]
[74730899]
[74741494]
[74823665]
[74825788]
[74841885]
[74845897]
[74848038]
[74852810]
[74854609]
[74860293]
[74923978]
[74952447]
[74968065]
[74976215]
[74983881]
[74983882]
[75014062]
[75041269]
[75043725]
[75064463]
[75081613]
[75105429]
[75109441]
[75116619]
[75132317]
[75141056]
[75162696]
[75180828]
[75198893]
[75209824]
[75252099]
[75285069]
[75292259]
[75326861]
[75347539]
[75356564]
[75363626]
[75367227]
[75372290]
[75375465]
[75376965]
[75390004]
[75392615]
[75417459]
[75433814]
[75434695]
[75487237]
[75498415]
[75499502]
[75500286]
[75524092]
[75524093]
[75525309]
[75559356]
[75560629]
[75574498]
[75582395]
[75620895]
[75622824]
[75622825]
[75646173]
[75646520]
[75652080]
[75673220]
[75675029]
[75732622]
[75732623]
[75733063]
[75745607]
[75775867]
[75779210]
[75782277]
[75797045]
[75830094]
[75833426]
[75840616]
[75850803]
[75886890]
[75889523]
[75917088]
[75923050]
[75937826]
[75946257]
[75953262]
[75967082]
[75987257]
[75991898]
[76039636]
[76052811]
[76067258]
[76075810]
[76080032]
[76103675]
[76137276]
[76137614]
[76184692]
[76202610]
[76203291]
[76211194]
[76214441]
[76218643]
[76224717]
[76232340]
[76263644]
[76297408]
[76305638]
[76321376]
[76348260]
[76372778]
[76384284]
[76407432]
[76419637]
[76442347]
[76442616]
[76446915]
[76459806]
[76512652]
[76515293]
[76520646]
[76532077]
[76539047]
[76573247]
[76589815]
[76614003]
[76614340]
[76634149]
[76641981]
[76650663]
[76683171]
[76704943]
[76714458]
[76721030]
[76754619]
[76763417]
[76774528]
[76775123]
[76792184]
[76806714]
[76812113]
[76848240]
[76862289]
[76865611]
[76891401]
[76895648]
[76902476]
[76908448]
[76909279]
[76913983]
[76922029]
[76925842]
[76972801]
[76986005]
[77007920]
[77027445]
[77036039]
[77044671]
[77060848]
[77084837]
[77087109]
[77098449]
[77121851]
[77135531]
[77153811]
[77205367]
[77207191]
[77229910]
[77252217]
[77330185]
[77334267]
[77336644]
[77372241]
[77379481]
[77414722]
[77428945]
[77454922]
[77456781]
[77491079]
[77506119]
[77527210]
[77538567]
[77542832]
[77561728]
[77565204]
[77568553]
[77581312]
[77584012]
[77585513, 77585514]
[77600660]
[77603950]
[77608643]
[77622396]
[77625948]
[77631175]
[77642288]
[77700347]
[77754944, 77754945]
[77778835]
[77797992]
[77799846]
[77827521]
[77841719]
[77847678]
[77859858]
[77864539]
[77876207]
[77901552]
[77910045]
[77936940]
[77972406]
[77998771]
[78004197]
[78009994]
[78010363]
[78033100]
[78053598]
[78060096]
[78082039]
[78121572]
[78156759]
[78193831, 78193832]
[78211862]
[78243409]
[78266168]
[78275321]
[78349103]
[78358521]
[78364470]
[78371393]
[78387742]
[78402798]
[78422252]
[78423643]
[78474168]
[78486968]
[78512663]
[78540593]
[78552773]
[78556320]
[78564023]
[78577570]
[78586116]
[78613627]
[78636495]
[78637313]
[78651105]
[78658564]
[78663366]
[78697395]
[78700060]
[78706415]
[78734254]
[78780140]
[78783370]
[78792195]
[78794994]
[78811937]
[78845026]
[78861134]
[78864369]
[78868119]
[78868776]
[78910579]
[78922939]
[78933589]
[78984772]
[78986941]
[79068663]
[79080761]
[79106360]
[79109599]
[79126789]
[79155167]
[79161790]
[79178930]
[79182538]
[79185500]
[79205581]
[79206750]
[79229522]
[79279397]
[79323590]
[79333300]
[79335209]
[79337169]
[79407975]
[79409334]
[79418153]
[79444933]
[79473793]
[79491903]
[79544790]
[79569173]
[79571449]
[79575620]
[79580323]
[79629370]
[79649195]
[79703905]
[79707116]
[79718768]
[79759367]
[79759861]
[79766336]
[79785958]
[79796561]
[79798060]
[79814787]
[79816536]
[79850798]
[79852326]
[79853073]
[79856792]
[79867938]
[79870141]
[79875176]
[79965360]
[79972330]
[79979666]
[80032567]
[80033124]
[80036543]
[80045583]
[80071763]
[80075749]
[80102359]
[80108118]
[80117527]
[80141480]
[80159717]
[80161395]
[80163754]
[80168720]
[80186010]
[80190753]
[80193355]
[80204957]
[80208158]
[80208323]
[80233946]
[80234301]
[80244114]
[80280737]
[80304126]
[80316585]
[80321197]
[80344569]
[80367387]
[80368942]
[80402389]
[80441106]
[80457744]
[80485722]
[80495985]
[80513550]
[80516007]
[80538728]
[80549379]
[80551130]
[80555116]
[80600490]
[80604091, 80604092]
[80637190]
[80651316]
[80678380]
[80723580]
[80727036]
[80727721]
[80741828]
[80744121]
[80764541]
[80769747]
[80770678]
[80811661]
[80813021]
[80825553]
[80863132]
[80885284]
[80885324]
[80887714]
[80887952]
[80908502]
[80921533]
[80925836]
[80955168]
[80978111]
[80987696]
[81000306]
[81003500]
[81020140]
[81020646]
[81057959]
[81059524]
[81066751]
[81122844]
[81128478]
[81146288]
[81167171]
[81172176]
[81179446]
[81191584]
[81197327]
[81210420]
[81218874]
[81254059]
[81275309]
[81278754]
[81306586]
[81325903]
[81330115]
[81332143]
[81336148]
[81380218]
[81383947]
[81385346]
[81386177]
[81426505]
[81434470]
[81439173]
[81443745]
[81471108]
[81480460]
[81489939]
[81492226]
[81510157]
[81524977]
[81563416]
[81566151]
[81587028]
[81601517]
[81618817]
[81661951]
[81665333]
[81674782]
[81686058]
[81755371]
[81756897]
[81759748]
[81777047]
[81791932]
[81816475]
[81820689]
[81843628]
[81846636]
[81863068]
[81866673]
[81873903]
[81896370]
[81896771]
[81907872]
[81913510]
[81919143]
[81933259]
[81962318]
[81977953]
[81985784]
[82003859]
[82005435]
[82012319]
[82035781]
[82050203]
[82052602]
[82065276]
[82085619]
[82099401]
[82108372]
[82112775]
[82116191]
[82199284]
[82213171]
[82260502]
[82263578]
[82293134]
[82301904]
[82308875]
[82315772]
[82324105]
[82324106]
[82324312]
[82340056]
[82340057]
[82361206]
[82377606]
[82382815]
[82386016]
[82422049]
[82432018]
[82452993]
[82458280]
[82482194]
[82498947]
[82529174]
[82542267]
[82556058]
[82556059]
[82579942]
[82593786]
[82633308]
[82639107]
[82642348]
[82670878]
[82693042]
[82693917]
[82705573]
[82732705]
[82742611]
[82760689]
[82818645]
[82828051]
[82841979]
[82878489]
[82888408]
[82944432]
[82971335]
[82994509]
[82994510]
[82999629]
[83011277, 83011278]
[83021423]
[83027236]
[83039729]
[83054225]
[83061014]
[83104731]
[83108603]
[83121692]
[83133491]
[83135907]
[83225447]
[83228073]
[83235263]
[83239739]
[83239740]
[83241722]
[83258273]
[83266092]
[83269557]
[83272895]
[83274244]
[83295594]
[83370323]
[83392426]
[83438826]
[83446909]
[83464209]
[83467607]
[83500096]
[83544697]
[83546647]
[83555666, 83555667]
[83584898]
[83602069]
[83604828]
[83675475]
[83678433]
[83682725]
[83715234]
[83725008]
[83746708]
[83764718, 83764719]
[83764996]
[83778600]
[83810690]
[83812099]
[83831356]
[83887306]
[83903521]
[83957459]
[83965310]
[83968380]
[83982270]
[83986578]
[83991690]
[83994433]
[83994646]
[84013237]
[84055227]
[84080938, 84080939]
[84103702]
[84117021]
[84133008]
[84136000]
[84173492]
[84177693]
[84206435]
[84220251]
[84243274]
[84257639, 84257640]
[84285623]
[84290642]
[84313685]
[84327329]
[84361420]
[84385264]
[84389640]
[84397023]
[84417082]
[84428023]
[84430950]
[84451804]
[84478195]
[84488827]
[84491298]
[84530620]
[84550200]
[84569017]
[84592800]
[84613836]
[84620194]
[84636823]
[84650463]
[84653834]
[84677654]
[84686841]
[84696266]
[84740193]
[84747429]
[84749824]
[84766279]
[84794011]
[84808313]
[84814897]
[84824601]
[84834865]
[84847656]
[84877802]
[84905691]
[84914462]
[84916669]
[84926738]
[84932271]
[84962466]
[84968490]
[84970821]
[84990171]
[85028288]
[85060248]
[85066822]
[85080048]
[85087012]
[85101228]
[85121942]
[85138716]
[85166216]
[85215458]
[85239662]
[85255550]
[85306040]
[85309439]
[85313220]
[85326399]
[85352446]
[85359414]
[85399281]
[85431040]
[85446833]
[85448931]
[85475641]
[85489096]
[85505315]
[85507811]
[85519211]
[85520851]
[85541675]
[85562745]
[85602018]
[85605684]
[85639257]
[85668449]
[85682655]
[85684223]
[85705804]
[85709845]
[85718645]
[85742772]
[85754829]
[85771019]
[85771020]
[85771021]
[85775486]
[85802526]
[85839825]
[85852291]
[85854214]
[85876417]
[85893201]
[85909450]
[85936485]
[86016245]
[86039057]
[86088138]
[86099788]
[86100785]
[86137485]
[86164529]
[86170989]
[86174055]
[86188410]
[86197239]
[86198326]
[86209650]
[86223870]
[86229493]
[86281779]
[86318356]
[86321248]
[86325596]
[86327225]
[86346643]
[86361354]
[86421986]
[86442081]
[86445415]
[86474024]
[86489182]
[86498013]
[86516889]
[86555018]
[86569121]
[86585274]
[86652646]
[86676862]
[86690572]
[86742443]
[86778566]
[86780027]
[86801871]
[86801872]
[86804246]
[86805855]
[86821010]
[86825483]
[86827882]
[86840720]
[86848580]
[86871614]
[86871615]
[86915847]
[86952477]
[86988864]
[86997073]
[87008374]
[87010442]
[87025064]
[87043568]
[87046457]
[87047074]
[87102774]
[87106146]
[87148330]
[87151205]
[87210505]
[87257460]
[87259077]
[87292536]
[87303357]
[87313164]
[87319876]
[87322377, 87322378]
[87340664]
[87347365]
[87350908]
[87390067]
[87430304]
[87430998]
[87473172]
[87483942]
[87511987]
[87514539]
[87523462]
[87526784]
[87557188]
[87564352]
[87564935]
[87608852]
[87614611]
[87621407]
[87622767]
[87624166]
[87649699]
[87685879]
[87751584]
[87756343]
[87774234]
[87796900]
[87798440]
[87836938]
[87880531]
[87890143]
[87902575]
[87910978]
[87911394]
[87973893]
[87978805]
[87997872]
[88032368]
[88033975]
[88069166]
[88071625]
[88089103]
[88095331]
[88120966]
[88132637]
[88177324]
[88190453]
[88190790]
[88205593]
[88236094]
[88240808]
[88241506]
[88264978]
[88279736]
[88283496]
[88289295]
[88301833]
[88305978]
[88307361]
[88341502]
[88361177]
[88369727]
[88409165]
[88435542]
[88438982]
[88472456]
[88494899]
[88513608]
[88552992]
[88559132]
[88616795]
[88619463]
[88643173]
[88643579]
[88650530]
[88671720]
[88686573]
[88696724]
[88728507]
[88733579]
[88753985]
[88754763]
[88760522]
[88789641]
[88819587]
[88820235]
[88845345]
[88928798]
[88940154]
[88942504]
[88958576]
[88975532]
[88979991]
[88989706]
[89040386]
[89041555]
[89086566]
[89091579]
[89111398]
[89112729]
[89127526]
[89181369]
[89185742]
[89194033]
[89194103]
[89211486]
[89222931]
[89235196]
[89252153]
[89258225]
[89258906]
[89272878]
[89310929]
[89312388]
[89333528]
[89362180]
[89386122]
[89399912]
[89405199]
[89493368]
[89494469]
[89516305]
[89521713]
[89529919]
[89547299]
[89558090]
[89563150]
[89567993]
[89609515]
[89621922]
[89628781]
[89631139, 89631140, 89631141, 89631142, 89631143, 89631144]
[89642993]
[89662736]
[89698120]
[89718302]
[89731911]
[89739383]
[89770167]
[89774530]
[89792713]
[89801755]
[89810518]
[89832901]
[89856523]
[89882100]
[89893715]
[89899996]
[89904598]
[89914395]
[89943723]
[89959682]
[89987208]
[89997728]
[90011152]
[90019393]
[90020065]
[90075978]
[90135989]
[90140980]
[90147755]
[90156158]
[90200789]
[90219263]
[90238142]
[90239723]
[90246973]
[90263923]
[90311614]
[90330453, 90330454]
[90337190]
[90357090]
[90374791]
[90397998]
[90407382]
[90411554]
[90434926]
[90440725]
[90464188]
[90470931]
[90500169]
[90502999]
[90508760]
[90557975]
[90576781]
[90582719]
[90592429]
[90616316]
[90640901]
[90642597]
[90654356]
[90660762]
[90669991]
[90673413]
[90726340]
[90727556]
[90740329]
[90743290]
[90790253]
[90810762]
[90844184]
[90846359]
[90873992]
[90876561]
[90887783]
[90908427]
[90925163]
[90928333]
[90934570]
[90951921]
[90953320]
[90957527]
[90960358]
[90963488]
[90980792]
[91020571]
[91070115]
[91078716]
[91107093]
[91123920]
[91133740]
[91148083]
[91152256, 91152257, 91152258]
[91188343]
[91250514]
[91279700]
[91345518]
[91349449]
[91350799]
[91351370]
[91422370]
[91438994]
[91449144]
[91468551]
[91512835]
[91512836]
[91554542]
[91559748]
[91580102]
[91595718]
[91596726]
[91597389]
[91607976]
[91623717]
[91662792]
[91663373]
[91711547]
[91731841]
[91781589]
[91782219]
[91798373]
[91812341]
[91819979]
[91822647]
[91842653]
[91862578]
[91869203]
[91895091]
[91903221]
[91932350]
[91939608]
[91949988]
[91985515]
[91989718]
[91996584]
[91998119, 91998120, 91998121]
[92001300]
[92035412]
[92039899]
[92065772]
[92084010]
[92099232]
[92125819]
[92142169]
[92219931]
[92223641]
[92300891]
[92346415]
[92361635]
[92365601]
[92373006]
[92377303]
[92391084]
[92394653]
[92408984]
[92409659]
[92418590]
[92421852]
[92450185]
[92518817]
[92572371]
[92595545]
[92595643]
[92609670]
[92661479]
[92667214]
[92676637]
[92719314]
[92720564]
[92729410]
[92731455]
[92736188]
[92755808]
[92773018]
[92784374]
[92821268]
[92826944]
[92841002]
[92854392]
[92887027]
[92890308]
[92901944]
[92918648]
[92924317]
[92933195]
[92944626]
[93013676]
[93016201]
[93023479]
[93087299]
[93107608]
[93108297]
[93108433]
[93130021]
[93130022]
[93151201]
[93157004]
[93187568]
[93211810]
[93211836]
[93217231]
[93220472]
[93221206]
[93224848]
[93224849]
[93260132]
[93294869]
[93343894]
[93346024]
[93353691]
[93369354]
[93379652]
[93382620]
[93396832]
[93431518]
[93431862]
[93451636]
[93469007]
[93483212]
[93504463]
[93506862]
[93542102]
[93543806]
[93553943]
[93554166]
[93599951]
[93671934]
[93709215]
[93717133]
[93724592]
[93730230]
[93730409]
[93747864]
[93751476]
[93788854]
[93816465]
[93830681]
[93882364]
[93889755]
[93895605]
[93900406]
[93912845]
[93912846]
[93920745]
[93946239]
[94004268]
[94022093]
[94042337]
[94068856]
[94079037]
[94081496]
[94092230]
[94096616]
[94119480]
[94119974]
[94145021]
[94145683]
[94156050]
[94163677]
[94192409]
[94203886]
[94212438]
[94215860]
[94230224]
[94243005]
[94253609]
[94256039]
[94283662]
[94303232]
[94331452]
[94374859]
[94377247]
[94381039]
[94412545]
[94425169]
[94463200]
[94484482]
[94515289]
[94538053]
[94566432]
[94568601]
[94573223]
[94585852]
[94622638]
[94626050]
[94634433]
[94656263]
[94662235]
[94664694]
[94667532]
[94675535]
[94681654]
[94689635]
[94716515]
[94739788]
[94766498]
[94770493]
[94772232]
[94773007]
[94793422]
[94804055]
[94820406]
[94845226]
[94853057]
[94878265]
[94886282]
[94905343]
[94933468]
[94940436]
[94944637]
[94973028]
[95026693]
[95027497]
[95051344]
[95084054]
[95090813]
[95096437]
[95132338]
[95144193]
[95166228]
[95169481]
[95174353]
[95178994]
[95194279]
[95204084]
[95214051]
[95220856]
[95231062]
[95265975]
[95281259]
[95286165]
[95288024]
[95291684]
[95308449]
[95326659]
[95352218]
[95360850]
[95362816]
[95395761]
[95443805]
[95448692]
[95451366]
[95453143]
[95466842]
[95472621]
[95492061]
[95503687]
[95507060]
[95515060]
[95519486]
[95526884]
[95561280]
[95600067]
[95614612]
[95621257]
[95637655]
[95638658]
[95642274]
[95701283]
[95714077]
[95727991]
[95744531]
[95750695]
[95772051]
[95784434]
[95788410]
[95789089]
[95841282]
[95888876]
[95905259]
[95920682]
[95943058]
[95952802]
[95956346]
[95992081]
[96005454]
[96008713]
[96012004]
[96029574]
[96051150]
[96099959]
[96146814]
[96148285]
[96182448]
[96216229]
[96218085]
[96235275]
[96287685]
[96300057]
[96316857]
[96331676]
[96355986]
[96363153]
[96381979]
[96383838]
[96384007]
[96420087]
[96427353]
[96428622]
[96457619]
[96458440]
[96470883]
[96474800]
[96501677]
[96553688]
[96561011]
[96565487]
[96594609]
[96631852]
[96643568]
[96653775]
[96677818]
[96682430]
[96700602]
[96704018]
[96729612]
[96765646]
[96782886]
[96851799]
[96864811]
[96872283]
[96875080]
[96890582]
[96907086]
[96914272]
[96930127]
[96938777]
[96947648]
[96965364]
[96967123]
[96981563]
[97000273]
[97017120]
[97021916]
[97023549]
[97064649]
[97077563]
[97093037]
[97127906]
[97151365]
[97168905]
[97169186]
[97170107]
[97173708]
[97204936]
[97234686]
[97240270]
[97268402]
[97342942]
[97360116]
[97362768]
[97385276]
[97396380]
[97403510]
[97433739]
[97439308]
[97439806]
[97452817]
[97452818]
[97489701]
[97526666]
[97570038]
[97574404]
[97590747, 97590748]
[97612389]
[97617181]
[97623219]
[97642679]
[97651498]
[97687912]
[97697447]
[97697678]
[97705809]
[97738431]
[97783659]
[97806240]
[97809599]
[97811903]
[97836203]
[97843505]
[97885363]
[97896503]
[97904474]
[97922283]
[97923414]
[97940434]
[97970833]
[97973387]
[97997309]
[98012938]
[98024118]
[98045062]
[98049038]
[98049915]
[98069388]
[98075147]
[98126725]
[98139712]
[98143165]
[98147766]
[98162021]
[98162242]
[98225108]
[98239899]
[98252586]
[98259197]
[98266377]
[98273947]
[98299011]
[98336111]
[98358303]
[98374133]
[98380593]
[98427577]
[98434877]
[98437424]
[98444741]
[98446407]
[98456117]
[98494543]
[98495314]
[98502113, 98502114, 98502115]
[98535702]
[98555327]
[98558751]
[98582704]
[98585345]
[98645731]
[98649372]
[98666339]
[98672567]
[98719226]
[98745000]
[98777036]
[98780137]
[98792570]
[98795934]
[98818516]
[98847704]
[98850929]
[98865920]
[98867329]
[98884569]
[98891840]
[98898173]
[98927491]
[98954375]
[98956134]
[99000151]
[99002135]
[99004752]
[99013397]
[99030164]
[99050989]
[99064191]
[99070951]
[99075257]
[99150062]
[99171160]
[99173029]
[99177923]
[99188141]
[99189322]
[99212922]
[99214782]
[99234526]
[99261403]
[99267150]
[99284890]
[99342953]
[99348756]
[99351431]
[99365553]
[99414168]
[99426834]
[99458769]
[99510761]
[99517131]
[99518961]
[99523325]
[99532708]
[99551425]
[99590524]
[99594764]
[99597615]
[99657399]
[99659159]
[99675356]
[99690140]
[99721536]
[99724761]
[99735427]
[99747800]
[99785935]
[99788587]
[99789342]
[99795159]
[99861526]
[99865167]
[99877698]
[99899504]
[99902789]
[99916754]
[99995595]
